$season_fk
       
x               H         D         A
  00/01 0.4783784 0.2675676 0.2540541
  01/02 0.4323607 0.2679045 0.2997347
  02/03 0.4894180 0.2380952 0.2724868
  03/04 0.4365079 0.2857143 0.2777778
  04/05 0.4564644 0.2875989 0.2559367
  05/06 0.5065963 0.2031662 0.2902375
  06/07 0.4774536 0.2572944 0.2652520
  07/08 0.4631579 0.2631579 0.2736842
  08/09 0.4523810 0.2566138 0.2910053
  09/10 0.5065963 0.2532982 0.2401055
  10/11 0.4722955 0.2928760 0.2348285
  11/12 0.4497354 0.2460317 0.3042328
  12/13 0.4368421 0.2842105 0.2789474
  13/14 0.4696570 0.2058047 0.3245383
  14/15 0.4526316 0.2447368 0.3026316

$home_team_fk
                         
x                                  H          D          A
  Arsenal                 0.68309859 0.21830986 0.09859155
  Aston Villa             0.38596491 0.31929825 0.29473684
  Birmingham City         0.37593985 0.34586466 0.27819549
  Blackburn Rovers        0.40865385 0.28365385 0.30769231
  Blackpool               0.26315789 0.26315789 0.47368421
  Bolton Wanderers        0.38461538 0.30288462 0.31250000
  Bradford City           0.21052632 0.36842105 0.42105263
  Burnley                 0.28947368 0.31578947 0.39473684
  Cardiff City            0.26315789 0.26315789 0.47368421
  Charlton Athletic       0.40151515 0.25000000 0.34848485
  Chelsea                 0.70070423 0.21478873 0.08450704
  Coventry City           0.22222222 0.38888889 0.38888889
  Crystal Palace          0.35087719 0.19298246 0.45614035
  Derby Country           0.23636364 0.27272727 0.49090909
  Everton                 0.50704225 0.26056338 0.23239437
  Fulham                  0.45344130 0.22672065 0.31983806
  Hull City               0.26666667 0.26666667 0.46666667
  Ipswich Town            0.44736842 0.23684211 0.31578947
  Leeds United            0.41333333 0.25333333 0.33333333
  Leicester               0.31081081 0.33783784 0.35135135
  Liverpool               0.61267606 0.25704225 0.13028169
  Manchester City         0.56981132 0.18113208 0.24905660
  Manchester United       0.75177305 0.12411348 0.12411348
  Middlesbrough           0.39181287 0.29824561 0.30994152
  Newcastle               0.47744361 0.25187970 0.27067669
  Norwich City            0.37333333 0.30666667 0.32000000
  Portsmouth              0.40151515 0.25757576 0.34090909
  Queens Park Rangers     0.26785714 0.32142857 0.41071429
  Reading                 0.39285714 0.21428571 0.39285714
  Sheffield United        0.38888889 0.27777778 0.33333333
  Southampton             0.42763158 0.30921053 0.26315789
  Stoke City              0.45454545 0.29545455 0.25000000
  Sunderland              0.31277533 0.28193833 0.40528634
  Swansea                 0.38157895 0.32894737 0.28947368
  Tottenham               0.55281690 0.23239437 0.21478873
  Watford                 0.15789474 0.47368421 0.36842105
  West Bromwich Albion    0.32163743 0.25730994 0.42105263
  West Ham United         0.40528634 0.23788546 0.35682819
  Wigan Athletic          0.32000000 0.30000000 0.38000000
  Wolverhampton Wanderers 0.30263158 0.23684211 0.46052632

$away_team_fk
                         
x                                  H          D          A
  Arsenal                 0.24295775 0.27112676 0.48591549
  Aston Villa             0.42402827 0.31448763 0.26148410
  Birmingham City         0.55303030 0.27272727 0.17424242
  Blackburn Rovers        0.49519231 0.24519231 0.25961538
  Blackpool               0.55555556 0.22222222 0.22222222
  Bolton Wanderers        0.53623188 0.22705314 0.23671498
  Bradford City           0.72222222 0.22222222 0.05555556
  Burnley                 0.72972973 0.16216216 0.10810811
  Cardiff City            0.66666667 0.22222222 0.11111111
  Charlton Athletic       0.48872180 0.27819549 0.23308271
  Chelsea                 0.24295775 0.23943662 0.51760563
  Coventry City           0.63157895 0.15789474 0.21052632
  Crystal Palace          0.50000000 0.26785714 0.23214286
  Derby Country           0.73684211 0.17543860 0.08771930
  Everton                 0.41549296 0.30633803 0.27816901
  Fulham                  0.51836735 0.32653061 0.15510204
  Hull City               0.57894737 0.27631579 0.14473684
  Ipswich Town            0.51351351 0.16216216 0.32432432
  Leeds United            0.43421053 0.19736842 0.36842105
  Leicester               0.61842105 0.21052632 0.17105263
  Liverpool               0.35211268 0.22535211 0.42253521
  Manchester City         0.40377358 0.26415094 0.33207547
  Manchester United       0.20701754 0.24561404 0.54736842
  Middlesbrough           0.52071006 0.27810651 0.20118343
  Newcastle               0.49811321 0.26037736 0.24150943
  Norwich City            0.59210526 0.28947368 0.11842105
  Portsmouth              0.57894737 0.23308271 0.18796992
  Queens Park Rangers     0.73684211 0.14035088 0.12280702
  Reading                 0.64912281 0.19298246 0.15789474
  Sheffield United        0.73684211 0.10526316 0.15789474
  Southampton             0.50993377 0.26490066 0.22516556
  Stoke City              0.53787879 0.28787879 0.17424242
  Sunderland              0.57456140 0.25000000 0.17543860
  Swansea                 0.50666667 0.21333333 0.28000000
  Tottenham               0.44561404 0.24561404 0.30877193
  Watford                 0.66666667 0.22222222 0.11111111
  West Bromwich Albion    0.54117647 0.28823529 0.17058824
  West Ham United         0.52863436 0.26431718 0.20704846
  Wigan Athletic          0.55263158 0.20394737 0.24342105
  Wolverhampton Wanderers 0.58666667 0.29333333 0.12000000

$home_pos
    
x             H          D          A
  1  0.75000000 0.15163934 0.09836066
  2  0.65454545 0.21090909 0.13454545
  3  0.62453532 0.21933086 0.15613383
  4  0.63671875 0.21875000 0.14453125
  5  0.48314607 0.26591760 0.25093633
  6  0.56204380 0.25182482 0.18613139
  7  0.48965517 0.28275862 0.22758621
  8  0.42857143 0.26691729 0.30451128
  9  0.50000000 0.22692308 0.27307692
  10 0.41836735 0.22789116 0.35374150
  11 0.37979094 0.29268293 0.32752613
  12 0.42500000 0.26785714 0.30714286
  13 0.43243243 0.28378378 0.28378378
  14 0.42156863 0.26797386 0.31045752
  15 0.35517241 0.30689655 0.33793103
  16 0.41368078 0.27361564 0.31270358
  17 0.36749117 0.25441696 0.37809187
  18 0.38590604 0.29194631 0.32214765
  19 0.37272727 0.26969697 0.35757576
  20 0.32107023 0.27424749 0.40468227

$away_pos
    
x            H         D         A
  1  0.2393822 0.2664093 0.4942085
  2  0.2301887 0.2490566 0.5207547
  3  0.3356890 0.2120141 0.4522968
  4  0.3393502 0.2851986 0.3754513
  5  0.4090909 0.2657343 0.3251748
  6  0.4006623 0.2980132 0.3013245
  7  0.4160839 0.2727273 0.3111888
  8  0.4859155 0.2535211 0.2605634
  9  0.4917492 0.2475248 0.2607261
  10 0.5345455 0.2509091 0.2145455
  11 0.5384615 0.2587413 0.2027972
  12 0.5551724 0.2275862 0.2172414
  13 0.5181159 0.2536232 0.2282609
  14 0.4836364 0.3200000 0.1963636
  15 0.5627010 0.2572347 0.1800643
  16 0.5160142 0.2206406 0.2633452
  17 0.5164835 0.2307692 0.2527473
  18 0.5448276 0.2689655 0.1862069
  19 0.5851064 0.2340426 0.1808511
  20 0.5609756 0.2648084 0.1742160

$home_couch_fk
                      
x                               H          D          A
  Aidy Boothroyd       0.15789474 0.47368421 0.36842105
  Alain Perrin         0.20000000 0.40000000 0.40000000
  Alan Curbishley      0.40476190 0.25396825 0.34126984
  Alan Irvine          0.20000000 0.30000000 0.50000000
  Alan Pardew          0.46774194 0.19354839 0.33870968
  Alan Shearer         0.25000000 0.25000000 0.50000000
  Alex Ferguson        0.74904943 0.12927757 0.12167300
  Alex McLeish         0.31884058 0.44927536 0.23188406
  André Villas-Boas    0.55000000 0.22500000 0.22500000
  Arsene Wenger        0.68309859 0.21830986 0.09859155
  Avram Grant          0.41747573 0.26213592 0.32038835
  Billy Davies         0.14285714 0.28571429 0.57142857
  Billy McEwan         0.00000000 0.00000000 1.00000000
  Bobby Robson         0.61538462 0.19230769 0.19230769
  Brendan Rodgers      0.56578947 0.25000000 0.18421053
  Brian Kidd           0.00000000 0.00000000 1.00000000
  Brian McDermott      0.26666667 0.40000000 0.33333333
  Bryan Robson         0.26190476 0.21428571 0.52380952
  Carlo Ancelotti      0.81578947 0.10526316 0.07894737
  Chris Coleman        0.50000000 0.21052632 0.28947368
  Chris Hughton        0.34782609 0.34782609 0.30434783
  Chris Hutchings      0.25000000 0.33333333 0.41666667
  Chris Ramsey         0.14285714 0.14285714 0.71428571
  Claudio Ranieri      0.64383562 0.20547945 0.15068493
  Colin Todd           0.42857143 0.28571429 0.28571429
  Dave Bassett         0.15384615 0.30769231 0.53846154
  Dave Jones           0.36842105 0.26315789 0.36842105
  David Kerslake       0.00000000 1.00000000 0.00000000
  David Moyes          0.52192982 0.24561404 0.23245614
  David O'Leary        0.43362832 0.30973451 0.25663717
  David Pleat          0.52941176 0.23529412 0.23529412
  Dick Advocaat        0.50000000 0.25000000 0.25000000
  Eddie Gray           0.30769231 0.38461538 0.30769231
  Eric Black           0.00000000 0.00000000 1.00000000
  Felix Magath         0.33333333 0.33333333 0.33333333
  Frank Burrows        0.00000000 0.00000000 1.00000000
  Gareth Southgate     0.38596491 0.29824561 0.31578947
  Garry Monk           0.46153846 0.23076923 0.30769231
  Gary Megson          0.27272727 0.33333333 0.39393939
  George Burley        0.44736842 0.23684211 0.31578947
  George Graham        0.53846154 0.38461538 0.07692308
  Gérard Houllier      0.53846154 0.29670330 0.16483516
  Gianfranco Zola      0.38888889 0.19444444 0.41666667
  Gianluca Vialli      0.00000000 1.00000000 0.00000000
  Glenn Hoddle         0.51666667 0.18333333 0.30000000
  Glenn Roeder         0.46969697 0.28787879 0.24242424
  Gordon Strachan      0.39393939 0.34848485 0.25757576
  Graeme Souness       0.36904762 0.34523810 0.28571429
  Graham Rix           0.00000000 0.00000000 1.00000000
  Graham Taylor        0.52000000 0.16000000 0.32000000
  Gustavo Poyet        0.23333333 0.33333333 0.43333333
  Guus Hiddink         0.83333333 0.16666667 0.00000000
  Harry Redknapp       0.49029126 0.29126214 0.21844660
  Howard Wilkinson     0.20000000 0.10000000 0.70000000
  Iain Dowie           0.30000000 0.23333333 0.46666667
  Ian Holloway         0.26086957 0.21739130 0.52173913
  Jacques Santini      0.20000000 0.40000000 0.40000000
  Jean Tigana          0.44444444 0.27777778 0.27777778
  Jim Jefferies        0.25000000 0.33333333 0.41666667
  Jim Smith            0.38095238 0.33333333 0.28571429
  Joe Jordan           0.00000000 0.00000000 1.00000000
  Joe Kinnear          0.25000000 0.50000000 0.25000000
  Joe Royle            0.21052632 0.15789474 0.63157895
  John Carver          0.27272727 0.27272727 0.45454545
  John Deehan          0.00000000 1.00000000 0.00000000
  John Gregory         0.39473684 0.34210526 0.26315789
  Jose Mourinho        0.77551020 0.21428571 0.01020408
  Juande Ramos         0.36842105 0.26315789 0.36842105
  Keith Downing        0.50000000 0.50000000 0.00000000
  Keith Millen         0.00000000 0.33333333 0.66666667
  Kevin Ball           0.14285714 0.00000000 0.85714286
  Kevin Keegan         0.37096774 0.29032258 0.33870968
  Kevin Keen           0.00000000 0.00000000 1.00000000
  Kevin MacDonald      0.66666667 0.33333333 0.00000000
  Lawrie Sanchez       0.27272727 0.45454545 0.27272727
  Les Reed             0.33333333 0.33333333 0.33333333
  Louis van Gaal       0.73684211 0.10526316 0.15789474
  Luiz Felipe Scolari  0.46153846 0.38461538 0.15384615
  Malky Mackay         0.33333333 0.22222222 0.44444444
  Manuel Pellegrini    0.81578947 0.10526316 0.07894737
  Mark Hughes          0.50289017 0.24277457 0.25433526
  Martin Jol           0.51000000 0.21000000 0.28000000
  Martin O'Neill       0.39130435 0.35869565 0.25000000
  Mauricio Pochettino  0.43750000 0.27083333 0.29166667
  Michael Appleton     0.00000000 1.00000000 0.00000000
  Michael Laudrup      0.29032258 0.38709677 0.32258065
  Micky Adams          0.19047619 0.52380952 0.28571429
  Mick McCarthy        0.22857143 0.22857143 0.54285714
  Neil Adams           0.00000000 0.00000000 1.00000000
  Neil Warnock         0.28571429 0.31428571 0.40000000
  Nigel Adkins         0.23076923 0.38461538 0.38461538
  Nigel Pearson        0.38095238 0.23809524 0.38095238
  Nigel Worthington    0.38888889 0.22222222 0.38888889
  Ole Gunnar Solskjaer 0.22222222 0.22222222 0.55555556
  Owen Coyle           0.40350877 0.26315789 0.33333333
  Paolo Di Canio       0.20000000 0.40000000 0.40000000
  Paul Hart            0.38461538 0.07692308 0.53846154
  Paul Ince            0.12500000 0.25000000 0.62500000
  Paul Jewell          0.24489796 0.20408163 0.55102041
  Paul Lambert         0.28985507 0.27536232 0.43478261
  Paul Sturrock        0.50000000 0.33333333 0.16666667
  Pepe Mel             0.11111111 0.66666667 0.22222222
  Peter Reid           0.37254902 0.35294118 0.27450980
  Peter Taylor         0.47619048 0.23809524 0.28571429
  Phil Brown           0.21875000 0.31250000 0.46875000
  Rafa Benítez         0.67716535 0.24409449 0.07874016
  Ray Lewington        0.00000000 1.00000000 0.00000000
  René Meulensteen     0.28571429 0.00000000 0.71428571
  Ricky Sbragia        0.36363636 0.18181818 0.45454545
  Roberto Di Matteo    0.54166667 0.20833333 0.25000000
  Roberto Mancini      0.77272727 0.13636364 0.09090909
  Roberto Martinez     0.35398230 0.33628319 0.30973451
  Ronald Koeman        0.57894737 0.21052632 0.21052632
  Roy Hodgson          0.47706422 0.22018349 0.30275229
  Roy Keane            0.40740741 0.14814815 0.44444444
  Ryan Giggs           0.66666667 0.00000000 0.33333333
  Sammy Lee            0.16666667 0.33333333 0.50000000
  Sam Allardyce        0.43827160 0.32716049 0.23456790
  Sean Dyche           0.21052632 0.36842105 0.42105263
  Steve Bruce          0.38947368 0.27368421 0.33684211
  Steve Clarke         0.39285714 0.21428571 0.39285714
  Steve Coppell        0.48648649 0.10810811 0.40540541
  Steve Davis          0.22222222 0.11111111 0.66666667
  Steve Kean           0.30000000 0.20000000 0.50000000
  Steve McClaren       0.43157895 0.28421053 0.28421053
  Steve Wigley         0.12500000 0.62500000 0.25000000
  Stuart Gray          0.28571429 0.00000000 0.71428571
  Stuart McCall        0.00000000 0.00000000 1.00000000
  Stuart Pearce        0.40476190 0.21428571 0.38095238
  Sven-Göran Eriksson  0.57894737 0.21052632 0.21052632
  Terry Connor         0.00000000 0.16666667 0.83333333
  Terry Venables       0.34615385 0.23076923 0.42307692
  Tim Sherwood         0.61111111 0.11111111 0.27777778
  Tony Adams           0.12500000 0.25000000 0.62500000
  Tony Mowbray         0.33333333 0.20000000 0.46666667
  Tony Pulis           0.44827586 0.28448276 0.26724138
  Velimir Zajec        0.25000000 0.25000000 0.50000000
  Walter Smith         0.35294118 0.32352941 0.32352941

$away_couch_fk
                      
x                               H          D          A
  Aidy Boothroyd       0.66666667 0.22222222 0.11111111
  Alain Perrin         0.60000000 0.20000000 0.20000000
  Alan Curbishley      0.47619048 0.25170068 0.27210884
  Alan Irvine          0.55555556 0.22222222 0.22222222
  Alan Pardew          0.48333333 0.22500000 0.29166667
  Alan Shearer         0.75000000 0.25000000 0.00000000
  Alex Ferguson        0.19838057 0.23481781 0.56680162
  Alex McLeish         0.53623188 0.30434783 0.15942029
  André Villas-Boas    0.26829268 0.24390244 0.48780488
  Archie Knox          1.00000000 0.00000000 0.00000000
  Arsene Wenger        0.24295775 0.27112676 0.48591549
  Avram Grant          0.50000000 0.25961538 0.24038462
  Billy Davies         0.85714286 0.14285714 0.00000000
  Billy McEwan         1.00000000 0.00000000 0.00000000
  Bobby Robson         0.37662338 0.35064935 0.27272727
  Brendan Rodgers      0.36000000 0.25333333 0.38666667
  Brian Kidd           0.00000000 0.00000000 1.00000000
  Brian McDermott      0.78571429 0.14285714 0.07142857
  Bryan Robson         0.53658537 0.39024390 0.07317073
  Carlo Ancelotti      0.31578947 0.23684211 0.44736842
  Chris Coleman        0.53947368 0.30263158 0.15789474
  Chris Hughton        0.61363636 0.22727273 0.15909091
  Chris Hutchings      0.81818182 0.18181818 0.00000000
  Chris Ramsey         0.62500000 0.12500000 0.25000000
  Claudio Ranieri      0.30136986 0.30136986 0.39726027
  Colin Todd           0.87500000 0.00000000 0.12500000
  Dave Bassett         0.61538462 0.30769231 0.07692308
  Dave Jones           0.61111111 0.38888889 0.00000000
  David Kerslake       1.00000000 0.00000000 0.00000000
  David Moyes          0.38362069 0.31465517 0.30172414
  David O'Leary        0.36283186 0.31858407 0.31858407
  David Pleat          0.70588235 0.05882353 0.23529412
  Dick Advocaat        0.40000000 0.40000000 0.20000000
  Eamonn Dolan         1.00000000 0.00000000 0.00000000
  Eddie Gray           0.69230769 0.15384615 0.15384615
  Felix Magath         0.66666667 0.16666667 0.16666667
  Frank Barlow         1.00000000 0.00000000 0.00000000
  Frank Burrows        0.00000000 1.00000000 0.00000000
  Gareth Southgate     0.58928571 0.28571429 0.12500000
  Garry Monk           0.46153846 0.19230769 0.34615385
  Gary Megson          0.69565217 0.17391304 0.13043478
  George Burley        0.51351351 0.16216216 0.32432432
  George Graham        0.66666667 0.26666667 0.06666667
  Gérard Houllier      0.31578947 0.23684211 0.44736842
  Gianfranco Zola      0.48648649 0.35135135 0.16216216
  Gianluca Vialli      0.33333333 0.66666667 0.00000000
  Glenn Hoddle         0.52631579 0.24561404 0.22807018
  Glenn Roeder         0.57142857 0.19047619 0.23809524
  Gordon Strachan      0.54687500 0.25000000 0.20312500
  Graeme Souness       0.50000000 0.22727273 0.27272727
  Graham Taylor        0.57692308 0.34615385 0.07692308
  Gustavo Poyet        0.40000000 0.36666667 0.23333333
  Guus Hiddink         0.14285714 0.00000000 0.85714286
  Harry Redknapp       0.51243781 0.23880597 0.24875622
  Howard Wilkinson     0.60000000 0.40000000 0.00000000
  Iain Dowie           0.66666667 0.29629630 0.03703704
  Ian Holloway         0.63636364 0.18181818 0.18181818
  Jacques Santini      0.33333333 0.33333333 0.33333333
  Jean Tigana          0.52941176 0.35294118 0.11764706
  Jim Jefferies        0.66666667 0.25000000 0.08333333
  Jim Smith            0.63636364 0.27272727 0.09090909
  Joe Jordan           1.00000000 0.00000000 0.00000000
  Joe Kinnear          0.50000000 0.33333333 0.16666667
  Joe Royle            0.38888889 0.38888889 0.22222222
  John Carver          0.77777778 0.11111111 0.11111111
  John Deehan          0.00000000 1.00000000 0.00000000
  John Gregory         0.41666667 0.30555556 0.27777778
  Jose Mourinho        0.18556701 0.20618557 0.60824742
  Juande Ramos         0.47058824 0.35294118 0.17647059
  Keith Downing        0.33333333 0.66666667 0.00000000
  Keith Millen         0.50000000 0.50000000 0.00000000
  Kevin Ball           0.60000000 0.40000000 0.00000000
  Kevin Keegan         0.49206349 0.26984127 0.23809524
  Kevin MacDonald      1.00000000 0.00000000 0.00000000
  Lawrie Sanchez       0.72727273 0.27272727 0.00000000
  Les Reed             1.00000000 0.00000000 0.00000000
  Louis van Gaal       0.26315789 0.42105263 0.31578947
  Luiz Felipe Scolari  0.16666667 0.16666667 0.66666667
  Malky Mackay         0.50000000 0.37500000 0.12500000
  Manuel Pellegrini    0.26315789 0.21052632 0.52631579
  Mark Bowen           1.00000000 0.00000000 0.00000000
  Mark Hughes          0.48275862 0.29885057 0.21839080
  Martin Jol           0.47572816 0.29126214 0.23300971
  Martin O'Neill       0.37362637 0.27472527 0.35164835
  Mauricio Pochettino  0.34782609 0.28260870 0.36956522
  Michael Laudrup      0.51612903 0.22580645 0.25806452
  Micky Adams          0.52380952 0.33333333 0.14285714
  Mick McCarthy        0.66176471 0.17647059 0.16176471
  Neil Adams           0.66666667 0.33333333 0.00000000
  Neil Warnock         0.62162162 0.18918919 0.18918919
  Nigel Adkins         0.60000000 0.20000000 0.20000000
  Nigel Pearson        0.59090909 0.18181818 0.22727273
  Nigel Worthington    0.63157895 0.36842105 0.00000000
  Ole Gunnar Solskjaer 0.77777778 0.11111111 0.11111111
  Owen Coyle           0.68421053 0.15789474 0.15789474
  Paolo Di Canio       0.71428571 0.14285714 0.14285714
  Paul Hart            0.57142857 0.35714286 0.07142857
  Paul Ince            0.55555556 0.22222222 0.22222222
  Paul Jewell          0.56000000 0.18000000 0.26000000
  Paul Lambert         0.49425287 0.26436782 0.24137931
  Paul Sturrock        0.71428571 0.00000000 0.28571429
  Pepe Mel             0.77777778 0.00000000 0.22222222
  Peter Reid           0.58490566 0.16981132 0.24528302
  Peter Taylor         0.69565217 0.08695652 0.21739130
  Phil Brown           0.54285714 0.31428571 0.14285714
  Rafa Benítez         0.33333333 0.23015873 0.43650794
  René Meulensteen     0.66666667 0.16666667 0.16666667
  Ricky Sbragia        0.58333333 0.33333333 0.08333333
  Roberto Di Matteo    0.50000000 0.25000000 0.25000000
  Roberto Mancini      0.27272727 0.27272727 0.45454545
  Roberto Martinez     0.50877193 0.21929825 0.27192982
  Rob Kelly            0.00000000 1.00000000 0.00000000
  Ronald Koeman        0.52631579 0.10526316 0.36842105
  Roy Hodgson          0.45871560 0.27522936 0.26605505
  Roy Keane            0.65384615 0.19230769 0.15384615
  Ryan Giggs           0.00000000 1.00000000 0.00000000
  Sammy Lee            0.60869565 0.21739130 0.17391304
  Sam Allardyce        0.50000000 0.24375000 0.25625000
  Sean Dyche           0.57894737 0.26315789 0.15789474
  Steve Bruce          0.54255319 0.27659574 0.18085106
  Steve Clarke         0.48148148 0.29629630 0.22222222
  Steve Coppell        0.57894737 0.23684211 0.18421053
  Steve Davis          0.88888889 0.00000000 0.11111111
  Steve Kean           0.58620690 0.27586207 0.13793103
  Steve McClaren       0.51578947 0.24210526 0.24210526
  Steve Wigley         0.62500000 0.37500000 0.00000000
  Stuart Gray          0.60000000 0.20000000 0.20000000
  Stuart McCall        1.00000000 0.00000000 0.00000000
  Stuart Pearce        0.54761905 0.19047619 0.26190476
  Sven-Göran Eriksson  0.47368421 0.31578947 0.21052632
  Terry Connor         0.57142857 0.42857143 0.00000000
  Terry Venables       0.38461538 0.30769231 0.30769231
  Tim Sherwood         0.47058824 0.11764706 0.41176471
  Tony Adams           0.50000000 0.37500000 0.12500000
  Tony Mowbray         0.75000000 0.25000000 0.00000000
  Tony Pulis           0.52136752 0.29059829 0.18803419
  Velimir Zajec        0.60000000 0.20000000 0.20000000
  Walter Smith         0.59375000 0.21875000 0.18750000

$day_of_season
     
x              H          D          A
  0   0.36363636 0.31818182 0.31818182
  1   0.48148148 0.22222222 0.29629630
  2   0.71428571 0.14285714 0.14285714
  3   0.36363636 0.27272727 0.36363636
  4   0.56000000 0.24000000 0.20000000
  6   0.00000000 1.00000000 0.00000000
  7   0.47706422 0.22935780 0.29357798
  8   0.35483871 0.41935484 0.22580645
  9   0.44444444 0.11111111 0.44444444
  10  0.27272727 0.36363636 0.36363636
  11  0.44444444 0.38888889 0.16666667
  14  0.50000000 0.24390244 0.25609756
  15  0.43750000 0.21875000 0.34375000
  16  0.33333333 0.66666667 0.00000000
  17  0.60000000 0.20000000 0.20000000
  18  0.33333333 0.50000000 0.16666667
  21  0.45161290 0.32258065 0.22580645
  22  0.57142857 0.42857143 0.00000000
  23  1.00000000 0.00000000 0.00000000
  24  1.00000000 0.00000000 0.00000000
  25  0.37500000 0.12500000 0.50000000
  28  0.41747573 0.25242718 0.33009709
  29  0.22222222 0.44444444 0.33333333
  30  0.36363636 0.45454545 0.18181818
  32  0.33333333 0.33333333 0.33333333
  35  0.35353535 0.36363636 0.28282828
  36  0.48888889 0.28888889 0.22222222
  37  0.50000000 0.16666667 0.33333333
  39  1.00000000 0.00000000 0.00000000
  41  1.00000000 0.00000000 0.00000000
  42  0.38317757 0.21495327 0.40186916
  43  0.45454545 0.21212121 0.33333333
  44  0.66666667 0.11111111 0.22222222
  49  0.43661972 0.26760563 0.29577465
  50  0.51111111 0.22222222 0.26666667
  51  0.50000000 0.50000000 0.00000000
  56  0.44000000 0.32000000 0.24000000
  57  0.58333333 0.08333333 0.33333333
  58  0.66666667 0.00000000 0.33333333
  59  0.00000000 1.00000000 0.00000000
  63  0.53061224 0.24489796 0.22448980
  64  0.41935484 0.32258065 0.25806452
  65  0.27272727 0.36363636 0.36363636
  66  0.00000000 0.00000000 1.00000000
  67  0.50000000 0.25000000 0.25000000
  70  0.48979592 0.24489796 0.26530612
  71  0.42553191 0.27659574 0.29787234
  72  0.60000000 0.40000000 0.00000000
  73  1.00000000 0.00000000 0.00000000
  74  0.66666667 0.11111111 0.22222222
  77  0.51401869 0.20560748 0.28037383
  78  0.39393939 0.30303030 0.30303030
  79  0.50000000 0.20000000 0.30000000
  81  1.00000000 0.00000000 0.00000000
  84  0.50000000 0.30208333 0.19791667
  85  0.42500000 0.20000000 0.37500000
  86  0.75000000 0.25000000 0.00000000
  87  0.50000000 0.50000000 0.00000000
  88  0.25000000 0.50000000 0.25000000
  91  0.48387097 0.22580645 0.29032258
  92  0.16666667 0.45833333 0.37500000
  93  0.00000000 0.50000000 0.50000000
  98  0.47000000 0.26000000 0.27000000
  99  0.58064516 0.25806452 0.16129032
  100 0.57142857 0.42857143 0.00000000
  101 0.33333333 0.33333333 0.33333333
  102 0.53333333 0.26666667 0.20000000
  105 0.42857143 0.23809524 0.33333333
  106 0.44736842 0.26315789 0.28947368
  107 0.50000000 0.33333333 0.16666667
  108 0.55555556 0.11111111 0.33333333
  109 0.31578947 0.15789474 0.52631579
  112 0.52293578 0.27522936 0.20183486
  113 0.44827586 0.20689655 0.34482759
  114 0.45454545 0.18181818 0.36363636
  115 1.00000000 0.00000000 0.00000000
  116 0.40000000 0.40000000 0.20000000
  119 0.49523810 0.29523810 0.20952381
  120 0.44117647 0.23529412 0.32352941
  121 0.60000000 0.20000000 0.20000000
  122 0.50000000 0.16666667 0.33333333
  123 0.71428571 0.14285714 0.14285714
  125 0.00000000 1.00000000 0.00000000
  126 0.51485149 0.19801980 0.28712871
  127 0.39285714 0.25000000 0.35714286
  128 0.14285714 0.42857143 0.42857143
  129 0.40000000 0.25000000 0.35000000
  130 0.42857143 0.17857143 0.39285714
  131 0.28571429 0.33333333 0.38095238
  132 0.50000000 0.20000000 0.30000000
  133 0.44262295 0.32786885 0.22950820
  134 0.40350877 0.22807018 0.36842105
  135 0.52272727 0.29545455 0.18181818
  136 0.35897436 0.30769231 0.33333333
  137 0.46666667 0.20000000 0.33333333
  138 0.36363636 0.63636364 0.00000000
  139 1.00000000 0.00000000 0.00000000
  140 0.51162791 0.20930233 0.27906977
  141 0.16666667 0.33333333 0.50000000
  142 0.41176471 0.17647059 0.41176471
  143 0.55000000 0.15000000 0.30000000
  144 0.44000000 0.32000000 0.24000000
  147 0.45833333 0.31944444 0.22222222
  148 0.35294118 0.17647059 0.47058824
  149 0.50000000 0.00000000 0.50000000
  151 0.75000000 0.25000000 0.00000000
  154 0.46788991 0.26605505 0.26605505
  155 0.40625000 0.34375000 0.25000000
  156 0.12500000 0.62500000 0.25000000
  157 0.50000000 0.00000000 0.50000000
  158 0.62500000 0.12500000 0.25000000
  161 0.48717949 0.20512821 0.30769231
  162 0.50000000 0.25000000 0.25000000
  163 0.25000000 0.25000000 0.50000000
  164 0.42424242 0.24242424 0.33333333
  165 0.54545455 0.31818182 0.13636364
  168 0.42500000 0.28750000 0.28750000
  169 0.35294118 0.23529412 0.41176471
  170 0.00000000 0.50000000 0.50000000
  171 0.45833333 0.29166667 0.25000000
  172 0.41379310 0.41379310 0.17241379
  175 0.52136752 0.25641026 0.22222222
  176 0.43333333 0.40000000 0.16666667
  177 0.00000000 0.66666667 0.33333333
  178 0.53333333 0.33333333 0.13333333
  179 0.45833333 0.25000000 0.29166667
  182 0.50000000 0.19444444 0.30555556
  183 0.33333333 0.22222222 0.44444444
  184 0.75000000 0.25000000 0.00000000
  185 0.50000000 0.25000000 0.25000000
  186 0.50000000 0.33333333 0.16666667
  189 0.46875000 0.18750000 0.34375000
  190 0.50000000 0.35714286 0.14285714
  191 0.00000000 0.33333333 0.66666667
  192 0.66666667 0.33333333 0.00000000
  193 0.50000000 0.50000000 0.00000000
  196 0.50549451 0.23076923 0.26373626
  197 0.54545455 0.27272727 0.18181818
  198 0.00000000 0.33333333 0.66666667
  199 0.70000000 0.10000000 0.20000000
  200 0.62500000 0.08333333 0.29166667
  203 0.42592593 0.25925926 0.31481481
  204 0.64285714 0.14285714 0.21428571
  205 0.25000000 0.00000000 0.75000000
  206 0.66666667 0.00000000 0.33333333
  207 0.37500000 0.25000000 0.37500000
  210 0.49411765 0.18823529 0.31764706
  211 0.52777778 0.22222222 0.25000000
  212 0.40000000 0.20000000 0.40000000
  213 0.66666667 0.00000000 0.33333333
  214 0.71428571 0.28571429 0.00000000
  217 0.55555556 0.17283951 0.27160494
  218 0.60714286 0.03571429 0.35714286
  219 0.66666667 0.33333333 0.00000000
  220 0.20000000 0.20000000 0.60000000
  221 0.50000000 0.25000000 0.25000000
  223 1.00000000 0.00000000 0.00000000
  224 0.57333333 0.20000000 0.22666667
  225 0.62500000 0.12500000 0.25000000
  226 0.53333333 0.13333333 0.33333333
  227 0.00000000 1.00000000 0.00000000
  228 1.00000000 0.00000000 0.00000000
  230 0.50000000 0.50000000 0.00000000
  231 0.46078431 0.18627451 0.35294118
  232 0.63333333 0.26666667 0.10000000
  233 0.26666667 0.46666667 0.26666667
  234 0.60000000 0.40000000 0.00000000
  235 0.00000000 0.50000000 0.50000000
  237 0.60000000 0.00000000 0.40000000
  238 0.41666667 0.30208333 0.28125000
  239 0.44827586 0.31034483 0.24137931
  240 0.52631579 0.15789474 0.31578947
  241 0.45454545 0.27272727 0.27272727
  242 0.41176471 0.35294118 0.23529412
  244 0.33333333 0.33333333 0.33333333
  245 0.39215686 0.28431373 0.32352941
  246 0.54545455 0.22727273 0.22727273
  247 0.57894737 0.21052632 0.21052632
  248 0.44444444 0.55555556 0.00000000
  249 0.56250000 0.31250000 0.12500000
  250 0.00000000 0.00000000 1.00000000
  252 0.41904762 0.29523810 0.28571429
  253 0.51612903 0.19354839 0.29032258
  254 0.66666667 0.11111111 0.22222222
  255 0.28571429 0.28571429 0.42857143
  256 0.25000000 0.25000000 0.50000000
  259 0.52000000 0.23000000 0.25000000
  260 0.51851852 0.18518519 0.29629630
  261 0.28571429 0.28571429 0.42857143
  262 0.37500000 0.37500000 0.25000000
  263 0.30769231 0.23076923 0.46153846
  264 0.33333333 0.33333333 0.33333333
  266 0.48214286 0.26785714 0.25000000
  267 0.50000000 0.24358974 0.25641026
  268 0.20000000 0.00000000 0.80000000
  269 0.50000000 0.16666667 0.33333333
  270 0.33333333 0.33333333 0.33333333
  273 0.47368421 0.28947368 0.23684211
  274 0.42857143 0.24489796 0.32653061
  275 1.00000000 0.00000000 0.00000000
  276 1.00000000 0.00000000 0.00000000
  277 0.00000000 1.00000000 0.00000000
  281 0.56666667 0.13333333 0.30000000

$date
            
x                    H         D         A
  2000-08-21 1.0000000 0.0000000 0.0000000
  2000-08-22 0.3333333 0.6666667 0.0000000
  2000-08-23 0.6000000 0.0000000 0.4000000
  2000-08-26 0.3333333 0.4444444 0.2222222
  2000-08-27 0.0000000 1.0000000 0.0000000
  2000-09-05 0.5000000 0.2500000 0.2500000
  2000-09-06 0.3333333 0.5000000 0.1666667
  2000-09-09 0.3750000 0.3750000 0.2500000
  2000-09-10 0.0000000 1.0000000 0.0000000
  2000-09-11 1.0000000 0.0000000 0.0000000
  2000-09-16 0.7142857 0.0000000 0.2857143
  2000-09-17 0.0000000 0.6666667 0.3333333
  2000-09-23 0.0000000 0.6666667 0.3333333
  2000-09-24 0.0000000 1.0000000 0.0000000
  2000-09-30 0.2857143 0.2857143 0.4285714
  2000-10-01 0.6666667 0.3333333 0.0000000
  2000-10-14 0.6250000 0.2500000 0.1250000
  2000-10-15 0.0000000 0.0000000 1.0000000
  2000-10-16 0.0000000 0.0000000 1.0000000
  2000-10-21 0.6250000 0.0000000 0.3750000
  2000-10-22 0.0000000 1.0000000 0.0000000
  2000-10-23 0.0000000 0.0000000 1.0000000
  2000-10-28 1.0000000 0.0000000 0.0000000
  2000-10-29 0.5000000 0.5000000 0.0000000
  2000-11-04 0.6250000 0.0000000 0.3750000
  2000-11-05 0.0000000 0.0000000 1.0000000
  2000-11-06 0.0000000 1.0000000 0.0000000
  2000-11-11 0.5000000 0.3750000 0.1250000
  2000-11-12 0.5000000 0.5000000 0.0000000
  2000-11-18 0.5000000 0.0000000 0.5000000
  2000-11-19 1.0000000 0.0000000 0.0000000
  2000-11-20 0.0000000 0.0000000 1.0000000
  2000-11-25 0.2500000 0.2500000 0.5000000
  2000-11-26 1.0000000 0.0000000 0.0000000
  2000-12-02 0.7500000 0.1250000 0.1250000
  2000-12-03 1.0000000 0.0000000 0.0000000
  2000-12-04 1.0000000 0.0000000 0.0000000
  2000-12-09 0.6250000 0.3750000 0.0000000
  2000-12-10 0.5000000 0.0000000 0.5000000
  2000-12-16 0.7500000 0.2500000 0.0000000
  2000-12-17 0.0000000 0.0000000 1.0000000
  2000-12-18 0.0000000 1.0000000 0.0000000
  2000-12-22 0.0000000 1.0000000 0.0000000
  2000-12-23 0.7777778 0.1111111 0.1111111
  2000-12-26 0.4444444 0.2222222 0.3333333
  2000-12-27 1.0000000 0.0000000 0.0000000
  2000-12-30 0.3333333 0.5000000 0.1666667
  2001-01-01 0.6666667 0.2222222 0.1111111
  2001-01-02 1.0000000 0.0000000 0.0000000
  2001-01-13 0.2222222 0.3333333 0.4444444
  2001-01-14 1.0000000 0.0000000 0.0000000
  2001-01-20 0.2500000 0.5000000 0.2500000
  2001-01-21 0.0000000 1.0000000 0.0000000
  2001-01-22 0.0000000 1.0000000 0.0000000
  2001-01-24 0.0000000 0.0000000 1.0000000
  2001-01-30 1.0000000 0.0000000 0.0000000
  2001-01-31 0.4285714 0.4285714 0.1428571
  2001-02-03 0.4444444 0.2222222 0.3333333
  2001-02-07 0.0000000 1.0000000 0.0000000
  2001-02-10 0.3750000 0.5000000 0.1250000
  2001-02-11 1.0000000 0.0000000 0.0000000
  2001-02-12 0.0000000 1.0000000 0.0000000
  2001-02-24 0.3750000 0.1250000 0.5000000
  2001-02-25 1.0000000 0.0000000 0.0000000
  2001-03-03 0.3750000 0.5000000 0.1250000
  2001-03-04 1.0000000 0.0000000 0.0000000
  2001-03-05 0.0000000 1.0000000 0.0000000
  2001-03-07 0.0000000 0.0000000 1.0000000
  2001-03-10 1.0000000 0.0000000 0.0000000
  2001-03-17 0.3750000 0.1250000 0.5000000
  2001-03-18 0.0000000 1.0000000 0.0000000
  2001-03-31 0.5000000 0.1250000 0.3750000
  2001-04-01 1.0000000 0.0000000 0.0000000
  2001-04-02 0.0000000 0.0000000 1.0000000
  2001-04-04 1.0000000 0.0000000 0.0000000
  2001-04-07 0.2500000 0.2500000 0.5000000
  2001-04-08 1.0000000 0.0000000 0.0000000
  2001-04-09 0.0000000 1.0000000 0.0000000
  2001-04-10 0.6666667 0.3333333 0.0000000
  2001-04-11 0.0000000 0.0000000 1.0000000
  2001-04-13 0.5000000 0.0000000 0.5000000
  2001-04-14 0.6250000 0.0000000 0.3750000
  2001-04-16 0.6000000 0.0000000 0.4000000
  2001-04-17 0.0000000 0.5000000 0.5000000
  2001-04-21 0.3333333 0.3333333 0.3333333
  2001-04-22 1.0000000 0.0000000 0.0000000
  2001-04-28 0.4444444 0.1111111 0.4444444
  2001-04-30 1.0000000 0.0000000 0.0000000
  2001-05-01 0.0000000 0.5000000 0.5000000
  2001-05-05 0.7777778 0.1111111 0.1111111
  2001-05-07 1.0000000 0.0000000 0.0000000
  2001-05-08 0.0000000 1.0000000 0.0000000
  2001-05-13 1.0000000 0.0000000 0.0000000
  2001-05-15 0.0000000 1.0000000 0.0000000
  2001-05-19 0.5000000 0.3000000 0.2000000
  2001-08-18 0.5000000 0.1666667 0.3333333
  2001-08-19 0.0000000 1.0000000 0.0000000
  2001-08-20 0.0000000 1.0000000 0.0000000
  2001-08-21 0.6666667 0.0000000 0.3333333
  2001-08-22 0.5000000 0.5000000 0.0000000
  2001-08-25 0.4285714 0.2857143 0.2857143
  2001-08-26 0.0000000 1.0000000 0.0000000
  2001-08-27 1.0000000 0.0000000 0.0000000
  2001-09-08 0.2500000 0.5000000 0.2500000
  2001-09-09 0.5000000 0.5000000 0.0000000
  2001-09-15 0.3333333 0.0000000 0.6666667
  2001-09-16 0.0000000 0.5000000 0.5000000
  2001-09-17 0.0000000 0.0000000 1.0000000
  2001-09-19 0.0000000 0.5000000 0.5000000
  2001-09-22 0.5000000 0.5000000 0.0000000
  2001-09-23 0.6666667 0.3333333 0.0000000
  2001-09-24 0.0000000 0.0000000 1.0000000
  2001-09-26 1.0000000 0.0000000 0.0000000
  2001-09-29 0.3333333 0.0000000 0.6666667
  2001-09-30 0.2500000 0.2500000 0.5000000
  2001-10-13 0.1428571 0.4285714 0.4285714
  2001-10-14 1.0000000 0.0000000 0.0000000
  2001-10-15 1.0000000 0.0000000 0.0000000
  2001-10-20 0.3333333 0.3333333 0.3333333
  2001-10-21 0.0000000 0.6666667 0.3333333
  2001-10-22 1.0000000 0.0000000 0.0000000
  2001-10-24 0.6666667 0.3333333 0.0000000
  2001-10-27 0.4285714 0.2857143 0.2857143
  2001-10-28 0.0000000 0.5000000 0.5000000
  2001-10-29 0.0000000 1.0000000 0.0000000
  2001-11-03 0.5000000 0.1666667 0.3333333
  2001-11-04 0.7500000 0.0000000 0.2500000
  2001-11-17 0.5000000 0.5000000 0.0000000
  2001-11-18 0.3333333 0.3333333 0.3333333
  2001-11-19 0.0000000 1.0000000 0.0000000
  2001-11-24 0.3333333 0.5000000 0.1666667
  2001-11-25 0.5000000 0.5000000 0.0000000
  2001-12-01 0.1428571 0.1428571 0.7142857
  2001-12-02 0.5000000 0.5000000 0.0000000
  2001-12-03 1.0000000 0.0000000 0.0000000
  2001-12-05 0.0000000 0.5000000 0.5000000
  2001-12-08 0.6666667 0.0000000 0.3333333
  2001-12-09 0.2500000 0.2500000 0.5000000
  2001-12-12 0.5000000 0.5000000 0.0000000
  2001-12-15 0.5714286 0.2857143 0.1428571
  2001-12-16 0.5000000 0.5000000 0.0000000
  2001-12-17 1.0000000 0.0000000 0.0000000
  2001-12-18 0.0000000 0.0000000 1.0000000
  2001-12-19 1.0000000 0.0000000 0.0000000
  2001-12-22 0.4285714 0.1428571 0.4285714
  2001-12-23 0.5000000 0.0000000 0.5000000
  2001-12-26 0.5000000 0.1000000 0.4000000
  2001-12-29 0.2222222 0.3333333 0.4444444
  2001-12-30 0.0000000 0.0000000 1.0000000
  2002-01-01 0.5714286 0.2857143 0.1428571
  2002-01-02 0.5000000 0.0000000 0.5000000
  2002-01-09 1.0000000 0.0000000 0.0000000
  2002-01-12 0.8750000 0.1250000 0.0000000
  2002-01-13 0.0000000 0.5000000 0.5000000
  2002-01-19 0.1428571 0.7142857 0.1428571
  2002-01-20 0.5000000 0.5000000 0.0000000
  2002-01-21 0.0000000 0.0000000 1.0000000
  2002-01-22 0.0000000 0.0000000 1.0000000
  2002-01-23 0.0000000 0.0000000 1.0000000
  2002-01-29 0.3333333 0.0000000 0.6666667
  2002-01-30 0.5714286 0.1428571 0.2857143
  2002-02-02 0.5000000 0.2500000 0.2500000
  2002-02-03 0.0000000 0.5000000 0.5000000
  2002-02-09 0.5000000 0.2500000 0.2500000
  2002-02-10 0.0000000 0.0000000 1.0000000
  2002-02-19 1.0000000 0.0000000 0.0000000
  2002-02-23 0.5000000 0.3333333 0.1666667
  2002-02-24 0.0000000 0.5000000 0.5000000
  2002-03-02 0.5000000 0.1250000 0.3750000
  2002-03-03 0.0000000 1.0000000 0.0000000
  2002-03-05 1.0000000 0.0000000 0.0000000
  2002-03-06 0.8333333 0.1666667 0.0000000
  2002-03-09 0.0000000 1.0000000 0.0000000
  2002-03-13 1.0000000 0.0000000 0.0000000
  2002-03-16 0.2857143 0.2857143 0.4285714
  2002-03-17 0.5000000 0.0000000 0.5000000
  2002-03-18 0.0000000 0.0000000 1.0000000
  2002-03-23 0.0000000 0.3333333 0.6666667
  2002-03-24 0.5000000 0.0000000 0.5000000
  2002-03-29 1.0000000 0.0000000 0.0000000
  2002-03-30 0.6666667 0.2222222 0.1111111
  2002-04-01 0.5000000 0.1250000 0.3750000
  2002-04-02 0.0000000 1.0000000 0.0000000
  2002-04-06 0.8571429 0.0000000 0.1428571
  2002-04-07 1.0000000 0.0000000 0.0000000
  2002-04-08 0.0000000 1.0000000 0.0000000
  2002-04-10 0.0000000 1.0000000 0.0000000
  2002-04-13 0.0000000 0.5000000 0.5000000
  2002-04-20 0.3333333 0.2222222 0.4444444
  2002-04-21 1.0000000 0.0000000 0.0000000
  2002-04-23 0.5000000 0.5000000 0.0000000
  2002-04-24 1.0000000 0.0000000 0.0000000
  2002-04-27 0.3750000 0.2500000 0.3750000
  2002-04-28 0.0000000 0.0000000 1.0000000
  2002-04-29 0.0000000 0.0000000 1.0000000
  2002-05-08 0.5000000 0.0000000 0.5000000
  2002-05-11 0.7000000 0.2000000 0.1000000
  2002-08-17 0.3333333 0.5000000 0.1666667
  2002-08-18 0.0000000 0.0000000 1.0000000
  2002-08-19 1.0000000 0.0000000 0.0000000
  2002-08-23 0.0000000 1.0000000 0.0000000
  2002-08-24 0.3333333 0.2222222 0.4444444
  2002-08-27 0.5000000 0.0000000 0.5000000
  2002-08-28 0.2000000 0.6000000 0.2000000
  2002-08-31 0.7142857 0.1428571 0.1428571
  2002-09-01 0.5000000 0.5000000 0.0000000
  2002-09-02 0.0000000 1.0000000 0.0000000
  2002-09-03 1.0000000 0.0000000 0.0000000
  2002-09-10 1.0000000 0.0000000 0.0000000
  2002-09-11 0.3750000 0.1250000 0.5000000
  2002-09-14 0.5714286 0.0000000 0.4285714
  2002-09-15 0.5000000 0.5000000 0.0000000
  2002-09-16 1.0000000 0.0000000 0.0000000
